
*******************************************  Drifts coefficients *******************************************

PassengerId = 0.9976076555023923
Name = 0.986229066232275
Ticket = 0.6907098996317043
Cabin = 0.18993398782986493
Pclass = 0.07658083139847593
Embarked = 0.07493018963491771
Parch = 0.052473937584242014
Age = 0.04355034916633782
Sex = 0.03701905703030084
Fare = 0.01068839300071378
SibSp = 0.009396331698257265
